((("html" .
   [1 0 0 0])
  ("format" .
   [2 0 0 0 0 0])
  ("Item" .
   [1 0 0 0])
  ("def" .
   [1 0 0])
  ("all" .
   [1 0 0])
  ("order" .
   [1 0 0 0 0])
  ("90%" .
   [0 0 1])
  ("tag" .
   [2 0 0])
  ("silver" .
   [0 0 0 0 1 0])
  ("gray" .
   [1 0 0 0])
  ("aqua" .
   [1 0 0 0])
  ("ffffff" .
   [1 0 0 0 0 0])
  ("at" .
   [1 0])
  (":name" .
   [1 0 0 0 0])
  ("form_with" .
   [0 0 0 0 1 0 1 0 0])
  ("form" .
   [2 0 0 0])
  ("page" .
   [3 0 0 0])
  ("agent" .
   [2 0 0 0 1])
  ("body" .
   [1 0 0 0])
  ("url" .
   [1 0 0])
  ("puts" .
   [3 0 0 0])
  ("doc" .
   [0 0 1])
  ("open" .
   [1 0 0 0])
  ("print" .
   [0 0 0 0 1])
  ("gtags-mode" .
   [0 0 0 0 0 0 0 0 1 0])
  ("auto-install" .
   [0 0 0 0 0 1 0 0 0 0 0 0])
  ("command-debug-status" .
   [0 0 0 0 0 0 0 0 0 1 0 0 0 0 0 0 0 0 0 0])
  ("command-history" .
   [4 0 0 0 0 0 0 1 0 0 0 0 0 0 0])
  ("command" .
   [6 0 0 1 0 0 0])
  ("compilation-info" .
   [0 0 0 0 0 1 0 0 0 0 0 0 0 0 0 0])
  ("requires-pattern" .
   [0 0 0 1 0 0 0 0 0 0 0 0 0 0 0 0])
  ("comint" .
   [0 0 1 1 0 0])
  ("require" .
   [0 0 1 0 2 2 0])
  ("kbd" .
   [1 0 1])
  ("auto-complete" .
   [0 0 0 0 0 0 1 0 0 0 0 0 0])
  ("color-moccur" .
   [0 0 0 0 1 0 0 0 0 0 0 0])
  ("define-key" .
   [0 0 0 0 0 0 0 0 0 1])
  ("global-map" .
   [0 0 0 0 0 0 0 0 0 1])
  ("occur-by-moccur" .
   [0 0 0 0 0 0 0 0 0 1 0 0 0 0 0])
  ("setq" .
   [2 0 0 0])
  ("Moccur" .
   [0 0 0 0 0 1])
  ("add-to-list" .
   [0 0 0 0 0 0 0 0 0 0 1])
  ("dmoccur-exclusion-mask" .
   [0 0 0 0 0 0 0 0 0 0 1 0 0 0 0 0 0 0 0 0 0 1])
  ("cua-mode" .
   [0 0 0 1 0 0 0 1])
  ("nil" .
   [3 0 0])
  ("list1" .
   [1 0 0 0 0])
  ("list2" .
   [1 0 0 0 0])
  ("list3" .
   [1 0 0 0 0])
  ("!/bin/bash" .
   [0 0 0 0 0 1 0 0 0 0])
  ("do" .
   [3 0])
  ("done" .
   [1 0 0 0])
  ("case" .
   [1 0 0 0])
  ("LINE" .
   [2 0 0 0])
  ("esac" .
   [1 0 0 0])
  ("in" .
   [1 0])
  ("echo" .
   [4 0 0 0])
  ("clear" .
   [1 0 0 0 0])
  ("printf" .
   [2 0 0 0 0 0])
  ("msg" .
   [2 0 0])
  ("left" .
   [1 1 0 0])
  ("2" .
   [2])
  ("1" .
   [2])
  ("15" .
   [1 0])
  ("height" .
   [1 0 0 0 0 0])
  ("100px" .
   [1 0 0 0 0])
  ("3" .
   [1])
  ("width" .
   [0 0 0 0 1])
  ("400px" .
   [1 0 0 0 0])
  ("5" .
   [1])
  ("6" .
   [1])))
